$ANSIBLE_VAULT;1.1;AES256
33333432316632303266636563626534333733626630656239653766633839353164303730376231
3263643633363932663639326164623033633965643538380a343632366661366165386163653836
65303939643237386530323732383964353864366132313636646136353061343665356132323266
6437616664653935360a613864323331326362386261636432353630346633343833346663393364
62353937373130363563333964333866653639303837303633626134663033343631646538356463
63323533366165653537653831356630393435343531313338363739303330623865313336316430
31343466636536333235636437633661623032343864393830316365623436313934343961643633
33353435333631633930373062353738626263633561396162623037393762343733383139333061
36333835633962366333303436303634323164626263353831633533626532646466636136353836
36336565633666303835306236626631636464393133363764623430616336376263646638363365
63343437623836353731346232343133386362626636656265613338396162363164343964313532
30643238643231636530633331333764356239386431353135623837303433663131343537383636
31393635393231646636343935636265353630313736613539333730353464316635323532386263
34316665333937623630663266663561623337393536303365303431323432636238346362363961
33653866653965393733663564313564356331613663613063306531656339316132336463633030
35656430663539623335353131353638376264393131333837313462636630663631623034643536
32303033353735343961346566623537393531303137383837393562383834656565396631343538
35363037623132383461666366326362623333626164343531386438353966386663643937643561
34303339616461316162653865656464313738336663393135326631353666663466323232373162
32303631663537623532346465383265336635366337323032636231303062366436653431303764
31353335616332663165373936346263636338343166653539373030306333653232646235663761
37343633323336383035386239663561383966663866356535356666643033666265363465636138
31613936613761323365303165646431613938336133653166626263393334666532626634623862
32623065326565636465313736353362363765373364633332623736383664653633306332646632
31326633613039616135376430653462396436613537653865333462326563623461653231383631
39376136303235306363626162386231636234336363666564636234303131303561633361373066
39663162303736326238343532373436333164653462333935646163333835623365616332306264
39316162393062663735326563303464343962306538306231623830653836323139393366666564
65336239633662333930363062353638373131386131333463363432313561653166613733656561
62313133346434363032353064363366316533326531326465376633313938353964306634633639
31336339383662646433376634656464393932323665313339663637646435343234313335383865
35383235623237316561343964363736663031316335326562303836653261636435613761353133
32663531633363353439623263313734656630666331653635663236383263656439666236386366
66616363646539303930363861383737323366373138396237653162626239393632343031633538
34356431633561626166323265623936633639623039623937613732396264333565396639646362
35616338326539653530633533633330353135653434333336366538363761303732396166393531
31316531633733386264643337643036346632666661633161663865623732343065616563333836
6362666266656362383561373532623834356136643132373838
